0111111111111000000000000
1011111000000111111000000
1101110100000100000111110
1110001011000011000111001
1110000100110010110100101
1110000010101001101010110
1101000010110100011001011
1010100001011101010010011
1001011001001000110100111
1001000110011111001100100
1000111000011010001011101
1000101101100001101101010
1000010111100110110011000
0110001101001010011001110
0101100001101101100001101
0101010101010010101010011
0100110010011011010101010
0100101110001100101110001
0100011001110101010110100
0011100011010000111011100
0011010100101001011101001
0011001000111110100110010
0010110011100110001100011
0010011110010101100001101
0001101110100011010010110
