0111111111111000000000000
1011111000000111111000000
1101111000000000000111111
1110000111000111000111000
1110000100110100110100110
1110000010101010101010101
1110000001011001011001011
1001100011100101001000111
1001010101001010110100011
1001001110010000111011100
1000110100011110001011010
1000101001101011100101100
1000011010110101010110001
0101100100101001110011001
0101010010110001101101010
0101001100011110001100101
0100110011010110010001101
0100101011001100101110010
0100011101100011010010110
0011100010011011010010110
0011010001101100011101100
0011001001110110100010011
0010110101010001101110001
0010101110100010011101001
0010011110001101100001110
