0111111111111000000000000
1011111000000111111000000
1101100110000110000111100
1110100001100001100110011
1111000000011000011001111
1100001101010101010101010
1100010010101010101101010
1010010011010011001011001
1010001100101101001100101
1001010100110010110100101
1001001011001011010010110
1000110101001100101010110
1000101010110100110011001
0110010010011001110110100
0110001101100000111011100
0101010110100100011010011
0101001001011110001110001
0100110001101111000001101
0100101110010011100000111
0011011011000100100001111
0011000100111111100001010
0010111100001010010110011
0010100011110110011100010
0001111000110001001111100
0001100111001001111101000
