0111111111111000000000000
1011111000000111111000000
1101111000000000000111111
1110000111000111000111000
1110000100110100110100110
1110000010101010101010101
1110000001011001011001011
1001100011001010110001110
1001010101010001101100101
1001001110100100011010011
1000110001011110010110001
1000101010101101001101100
1000011100110011100011010
0101100001110011001010110
0101010100101101010001101
0101001010011110100100011
0100110110001001011110010
0100101101100010101101001
0100011011010100110011100
0011100010110001110011001
0011010001101100101101010
0011001100011010011110100
0010110110010110001001011
0010101101001101100010101
0010011011100011010100110
