0111111111111000000000000
1011111000000111111000000
1101111000000000000111111
1110000111000111000111000
1110000100110100110100110
1110000010101010101010101
1110000001011001011001011
1001100011001100101100011
1001010101010010011010110
1001001110100001110001101
1000110001011101100011100
1000101010101011010110010
1000011100110110001101001
0101100100101011001001110
0101010010011101010100101
0101001001110110100010011
0100110101100001011110001
0100101011010010101101100
0100011110001100110011010
0011100100011010110011001
0011010010110001101101010
0011001001101100011110100
0010110011100110010001011
0010101110010101001010101
0010011101001011100100110
