0111111111111000000000000
1011111000000111111000000
1101111000000000000111111
1110000111000111000111000
1110000100110100110100110
1110000010101010101010101
1110000001011001011001011
1001100011100101001000111
1001010101010010110010011
1001001110001000111101100
1000110100011110001101001
1000101010101011010110010
1000011001110101100011100
0101100100101001110011001
0101010010110001101101010
0101001100011110001010110
0100110011001110010001110
0100101011010100101110001
0100011101100011010100101
0011100001110010011011100
0011010010011101010100101
0011001001101110100100011
0010110101001001101110010
0010101110010011100001101
0010011110100100011011010
