01111111111000000000000000
10111000000111111000000000
11010100000100000111110000
11100010000010000100001111
11000001100001100011001100
10100001100001010000110011
10010000011000110010101010
10001100010010001010010110
10001100001000011101001001
10000011001110100001010001
10000010110101001100100100
01100000011001001001011010
01010001010000011001100101
01001100001100100000100111
01001010010001010110010001
01000110100010101000111000
01000001101110010110000010
00110000101000101010010101
00101011000000101101100010
00101000110110000010101001
00100110001011010011000100
00100101010100110100001100
00011010100100010001010110
00011001001011000100111000
00010111000101001010001001
00010100110011100101000010
