01111111111000000000000000
10111000000111111000000000
11000110000110000111100000
11000110000001100000011110
11000001100100010100011001
10110000010000010110000111
10110000001000001001111001
10001000011101000011010100
10001000011010100100101010
10000101100011001000100101
10000011100000111011000010
01101001000000001010101110
01100000110001100011001001
01010001010010010001110010
01010000101010001110010100
01001100001001001101000011
01000010011100110000100101
00101100100000110001110100
00100101001110100000010011
00100011001011010100001100
00100010110101001100010010
00011011000001100110100001
00011010100110000001000111
00010101010100101101001000
00010100101101010010101000
00001110010010011010011000
