01111111111000000000000000
10111000000111111000000000
11010100000100000111110000
11100010000010000100001111
11000001100001100011001100
10100001010001010010100011
10010000101000011010011010
10001100010000101100010110
10001010001101000000110101
10000101001110001001001001
10000010110010110101100000
01100000110000101000111001
01010000011001001001100110
01001100100010010001010011
01001001001100010100101010
01000110001001101110000001
01000011010110010010010100
00110001001000110001010101
00101110000000011001101100
00101000011011000110011000
00100100101110100010000110
00100011100101001101000010
00011010010100100011000011
00011001100010001110100001
00010111000011100000111000
00010100110101010100001100
