01111111111000000000000000
10111000000111111000000000
11010100000100000111110000
11100010000010000100001111
11000001100001100011001100
10100001010001010010100011
10010001001000101000111010
10001110000000011001010101
10001000011110000001100110
10000100101100110100001001
10000010110011001110010000
01100000110000101000110101
01010000101001010001010011
01001100001010001010101001
01001010010100010010011010
01000101010010101101000010
01000011001101010100100100
00110000011000011011001100
00101100001001100100010110
00101001100010010100111000
00100110100101001001001010
00100011001110100011000001
00011010010001100101100001
00011001100100001110000011
00010110100010110010100100
00010101010111000000011100
