01111111111000000000000000
10111000000111111000000000
11010100000100000111110000
11100010000010000100001111
11000001100001100011001100
10100001010001010010100011
10010000110000101000111010
10001100001010100000110101
10001010001001010101010010
10000110001100011010001100
10000001110110001101000001
01100000011000110001011001
01010001001000011001100110
01001100100000011100101001
01001011000100001010010011
01000100110111000000010110
01000010011011100110100000
00110000101001001010010101
00101100010000101101000110
00101000101110000010101010
00100111000011001001011000
00100011100100110100100100
00011010010101000001100101
00011001010010010110011000
00010110100010110011000001
00010101001101100100001010
