0111111111111000000000000000
1011111100000111110000000000
1101111010000100001111000000
1110111001000010001000111000
1111011000100001000100100110
1111101000010000100010010101
1111110000001000010001001011
1100000011111111110000000000
1010000101111100001111000000
1001000110111010001000111000
1000100111011001000100100110
1000010111101000100010010101
1000001111110000010001001011
0110000110000011111111000000
0101000101000101111000111000
0100100100100110110100100110
0100010100010111010010010101
0100001100001111100001001011
0011000011000110000111111000
0010100010100101001011100110
0010010010010100101101010101
0010001010001100011110001011
0001100001100011001100011110
0001010001010010101010101101
0001001001001010011001110011
0000110000110001100110110011
0000101000101001010101101101
0000011000011000110011011110
