0111111111111000000000000000
1011111100000111110000000000
1101111010000100001111000000
1110111001000010001000111000
1111010100100001001100100100
1111100100010000101010010010
1111000011001110010001001000
1100110000111001110000000110
1010001001111100000111000001
1001001010111010000000111001
1000100111011001000100100101
1000010111101000100010010011
1000001111110000010001001110
0110001010000011110111000001
0101001001000101110000111001
0100100100100110110100100101
0100010100010111010010010011
0100001100001111100001001110
0011110000000000000111111110
0010100010100101001011100101
0010010010010100101101010011
0010001010001100011110001110
0001100001100011001100011101
0001010001010010101010101011
0001001001001010011001110110
0000100100101001011101101010
0000010100011000111011011100
0000000011110111100110110000
