01111111111111100000000000000
10111111000000011111110000000
11011100110000011000001111100
11101010001100000110001110011
11110001000011000001101001111
11100000111000110101010001011
11010000001110101011010101100
11001000100011101100110110010
10100101000101100110011011100
10100100001111011100100100101
10010110010001100001111110001
10010010110011010111000010110
10001011010100111000011000111
10001001111100001011100011001
10000111101010010010101101010
01100100010110101011101010010
01100011010011010010010111001
01010101110100000010110100111
01010010100101111100101001001
01001110001101010000110011110
01001001011001110111001100100
01000111101010001101001010101
00111000101010110010110010101
00110011011000101100100011110
00110001101101011001011100010
00101110100001101011000100111
00101010110110000101111101000
00011101000110110101000111001
00011100011011001110011001010
