01111111111111100000000000000
10111111000000011111110000000
11011100110000011000001111100
11101010001100000110001110011
11110001000011000001101001111
11100000101010110101010101010
11010000100101110010110010110
11001000010110101011010100101
10100110010001101101000010111
10100001101101001011011011000
10010100010111001110100101010
10010011011000110001100111001
10001101001001100100111110100
10001010111010011000111000011
10000111100110010110001001101
01100110000101101000111101001
01100001111001010110100100101
01010100101010101011101010001
01010011011000101100011001110
01001101110100000100110011011
01001010001111011101000011100
01000111010011010011001110010
00111000010011110110010011001
00110101001110011000010010111
00110010110110000101111100100
00101100011100110011101000110
00101011100010101010100111010
00011110101001000011010101101
00011001100101111101001100010
