01111111111111100000000000000
10111111000000011111110000000
11011000111000011100001111000
11100100100110010011001100110
11100010010110001010100011101
11010001001101001101000010111
11001001000101110010011011010
11000110101000101000110101110
10110001001010100011010111001
10101000001011110101100001110
10100101110001010000111010101
10011110000011000100011101101
10011000110100101001111000011
10000110011100100111101110000
10000011110011011110000100011
01110010011000100110011000111
01101101000010100100101110011
01100100010101111001010101001
01011010100001110001100110101
01010100110011000110110011010
01001001011011001011011100100
01000011101110010101101001001
00110010001111011000110110010
00110001100101101110101001100
00101110101001001011001001011
00101011110100000101010110110
00011101011100010010100101011
00010111010010111001001011100
00001100101110111110010010100

