01111111111111100000000000000
10111111000000011111110000000
11011110100000010000001111110
11100001111000001110001110001
11100001010110010001101001101
11100000110001101001110101010
11100000000111111110000010110
11011000001101000101010100111
10110100001010100010111000111
10011100000011101101001011001
10010001100110110011010111000
10001011001001101010101101100
10001010111001010011100010011
10000111010110000100111110010
10000110111100011100010001101
01101010001010100100110111001
01010110010100100011100110101
01010011010001110010011001011
01010010101110001101101001010
01001101011010001010010011110
01001100100111011010011100001
01000101101001110101101010100
00111000110101000110110011100
00110101001101011000100011011
00110010011011011001011100100
00101100011100110111001100010
00101011100100101001011010011
00100111100011000111000101101
00011001110010111100100100110
