01111111111111100000000000000
10111111000000011111110000000
11011110100000010000001111110
11100001111000001110001110001
11100001010110010001101001101
11100000101001101001110101100
11100000000111111110000011010
11011000001101000101010010111
10110100010010100010110010111
10011000100111001011101100010
10010101000101110010011101001
10001011011000100110100101110
10001010110001111100011000101
10000111011010001001011011010
10000110101110010101100110001
01101010001010100011011100011
01010110010011000111000101101
01010011000110101000111110100
01010010111100011000110001011
01001101010001111000100110011
01001100110100100111011011000
01000101101011010110101000110
00111000011011010100110111000
00110100011100111101001000110
00110011100001100101101001011
00101110001101001010101010101
00101101100110001100010101011
00100011110101010011010110100
00011001101010111011000011100
