01111111111111100000000000000
10111111000000011111110000000
11011100110000011000001111100
11101010001100000110001110011
11110001000011000001101001111
11100000111000100101110101010
11010000100110110011010100101
11001000010011101110010010110
10100110000101111100000001111
10100101001011010010010111001
10010100010101110011101010010
10010010101011001101011011000
10001011010100101001100111001
10001001111100010100111000101
10000111101010001010101100110
01100010111001001011100010101
01100001100110110110101011000
01010101100101001000110110011
01010011011000111000011001011
01001110001110010000110011110
01001100001011111101001100001
01000111010101000111001101100
00111000001101101010110101100
00110110010010100100111010101
00110001011110011101000100110
00101100110110001011011000011
00101011100001110001011110010
00011101101000100111000011101
00011010110011010110100101010
