01111111111111100000000000000
10111111000000011111110000000
11011110100000010000001111110
11100001111000001110001110001
11100001010110010001101001101
11100000101001101001111001010
11100000000111111110000100110
11011000001101000101010010111
10110100010010100010110010111
10011000100110101101100111000
10010101000011110100011101001
10001011010001101010011011100
10001010111001010110100001011
10000111001110000011101110010
10000110111100011001010100101
01101010001010100011010111001
01010110010100100111001001011
01010011011010001000110101110
01010010100111011000111010001
01001101010001111000100110011
01001100110011000111011100100
01000101101100110110100011100
00111100001101001010100101101
00110010011001110101101010100
00110001110101010011010101010
00101100011110011100011010010
00101011100100100100111100011
00100111100011001101000011101
00011001101010111011001000110
