01111111111111100000000000000
10111111000000011111110000000
11011100110000011000001111100
11101010001100000110001110011
11110001000011000001101001111
11100000101100110101010001110
11010000001011101100110111000
11001000110010110010110100011
10100101010001101101000110011
10100001101101001010111100100
10010110010100101010100001111
10010100011011010011011010010
10001011000101110011000111100
10001010110110001101011001001
10000111101010010100101010101
01100101000110101010011011001
01100010111001010011100011001
01010110100001100011011100101
01010001011110011101000100101
01001100100111001110100010110
01001011011000101001011010110
01000111010101010100101101010
00111000010101110100110010101
00110011110010000110010011110
00110010100110111001101100010
00101110001011011000010100111
00101100011010100111101101000
00011101101100000001110111001
00011001101001111110001001010
