01111111111111100000000000000
10111111000000011111110000000
11011110100000010000001111110
11100001111000001110001110001
11100001010110000001111101100
11100000100101111101000001101
11100000011001110010110011010
11011000001011001001100010111
10110100000110100011011010011
10011010001101000110011001101
10010011010010110101000101011
10001100110011010100110110001
10001001101100111010010100110
10000111010100101100101010110
10000110101011001011101101000
01100110001110000110100100111
01010101000011100110010111100
01010100011101011001011100010
01010010110010111000111000101
01001101101000100100111001011
01001011000101110011001110001
01001010110110001111000011010
00111000110001100111100100110
00111000001110111100101011000
00110011100101001000110101011
00101110011000101001010110101
00101101010011011010001001011
00100011101011010101011010100
00010101111100010011100011100
