01111111111111100000000000000
10111111000000011111110000000
11011110100000010000001111110
11101000011100001110001110001
11110000010011001001100001111
11100001001100100001111101100
11100000101010110101010010011
11000100110001110110101001001
10100011000111000110101010110
10011001000101110100010100111
10010110000110101010011001011
10010100111001000011110110010
10001010101001101111000101100
10001001110110011001011011000
10000111011010011000100110101
01100011010001101010010111010
01011000001011110010111010100
01010011110010000011011100101
01010001101110011100100101010
01001110000111000100110111001
01001101100100101011000010111
01000110011101011101001000110
00110101101001001100010011101
00110100010110110111000011100
00110010100101111001101100001
00101101001011010011001100011
00101100110010101100111100010
00101010111100010010110001101
00011011011000100101101011010
