01111111111111100000000000000
10111111000000011111110000000
11011100110000011000001111100
11101010001100000110001110011
11110001000011000001101001111
11100000101100110001110101010
11010000001011111100010100101
11001000110010100111010011001
10100101010001101100100110011
10100001101101001110011001100
10010110010100101011000001111
10010100011011000011111110000
10001011000101110010100111100
10001010110110011000111000011
10000111101010010101001010110
01100110000011101010011011010
01100010111001010011100010101
01010011110000100010111100110
01010001011110011100100011010
01001101001100101000111010101
01001100100111001111000100110
01000111010101010101001101001
00111000010101110101010010110
00110110100110000100110011101
00110001100110111011001100001
00101101011010010010010100111
00101010011010101101101101000
00011100101001110110101001001
00011011101001001001010111010
