01111111111111100000000000000
10111111000000011111110000000
11011100110000011000001111100
11101010001100000110001110011
11110000100011000101100001111
11100001010010110001011100011
11010000011001101011010011010
11000100011110000110111001100
10101000001101111000111001001
10100111000001100010100111101
10010011100100110100010101110
10010001101011010011101110000
10001101000101101101001010110
10001010110110001011010100101
10000110111010011100100010011
01100100101100101011100100110
01100010100011110110011010100
01011001001010101000110110101
01010011010101011000101000111
01001110000111010000110111010
01001001110100110111000011001
01000111101001001101001101001
00110101100110001010010011011
00110100011101010101010010101
00110010010110101101101101000
00101011111000000001111010110
00101001011011011110000101010
00011110001010110011001001101
00011100110001100110111100010
