01111111111111100000000000000
10111111000000011111110000000
11011100110000011000001111100
11101010001100000110001110011
11110001000011000001101001111
11100000111000100101110101010
11010000001110111001010010110
11001000100011110110010100101
10100101010100100011011010101
10100100100111011100100010011
10010110000101110000111101001
10010010111001001111000001101
10001011010001101100011011010
10001001011110010011100111000
10000111101010001010101100110
01100011011001001000110110101
01100010010110110110101001100
01010101010110001010010101011
01010001100101101101101110000
01001110100101000010110011110
01001100011001111011001000011
01000111101010010101001011001
00111000101010101010110011001
00110101001001110110000011110
00110010110011010011011100010
00101100001111001101011100100
00101011100100111001000101011
00011110010010100101100110101
00011001111100010100111000110
