01111111111111100000000000000
10111111000000011111110000000
11011110100000010000001111110
11100001111000001110001110001
11100001010110010001101001101
11100000100101101101100101010
11100000001111011010010010110
11011000010001100011010011011
10110100001010100100110011101
10011001001101000100111100110
10010010110100111001010100101
10001110011010001010100101011
10001010100101110110101010001
10000111010010101101001010110
10000101101011010011011101000
01101010001010100101011100011
01010110001101000111001001101
01010100110011011000111000011
01010011000110101000111111000
01001101001001111000100110101
01001100110110000111010110100
01000011111000110110100001110
00111000010011111110000101100
00110100011100110011101010010
00110011100011000011100100111
00101101100100101010011000111
00101010111001001001111011000
00100111010101010100010111001
00011001101110011101000011010
