01111111111111100000000000000
10111111000000011111110000000
11011110100000010000001111110
11100001111000001110001110001
11100001010110010001101001101
11100000101101001001110101010
11100000010011111100010010110
11011000000101100111000100111
10110100001010100010111000111
10011010000111001000111110001
10010100100110111101000011001
10001101011000100100110111100
10001010111001010110100001011
10000111010010101011001101010
10000011101101010011011010100
01101010001010100011010111001
01010110011001000101011001101
01010011001110001010100011110
01010001100011110100111101000
01001101001001111000101010011
01001100110110000111011010010
01000110110100111010100100101
00111000110001101011100011100
00110101010101010010010011011
00110010011100110101101100010
00101100001111011110001100100
00101011100100101100011001011
00100111100011000101100110101
00011001111010011001010100110
