01111111111111100000000000000
10111111000000011111110000000
11011100110000011000001111100
11101010001100000110001110011
11110001000011000001101001111
11100000111000110101010001011
11010000100110101011010100110
11001000010011110010110110001
10100110000101100001111111000
10100101001011001100010110110
10010100010101110110101000110
10010010101011011100100101001
10001011010100101100011001101
10001001111100001011100011010
10000111101010010011001010101
01100101001100101010100101101
01100010010111010111000011100
01010100011110001001111010001
01010011001001111000011011010
01001110100001101100100010111
01001001101101010101011100100
01000111110010000110101101010
00111000101010100110110011100
00110011110100010000110010111
00110001110001101111001100001
00101100100111011010011000011
00101010011010111001101100010
00011110011001000011010101101
00011101000110110101000111010
