01111111111111100000000000000
10111111000000011111110000000
11011110100000010000001111110
11100001111000001110001110001
11100001010110010001101001101
11100000100111001101010101010
11100000001101110010111010010
11011000010001101000110100111
10110100001010100100110011101
10011001001101000111000011110
10010010110100110011010101001
10001110011010001001011010011
10001100100101111110001000101
10000111010010100110101101010
10000011101011011001100110100
01101010001010100111000100111
01010101000110100011011110100
01010100110011010011100010011
01010010011011011100011001100
01001100011100111100100111000
01001011100001100101011011001
01000111101100001010100001111
00111010000111001010100111001
00110101001001111001001001011
00110010110100101101101000110
00101100111001000011111100100
00101001110010111010010011010
00100111010101010100010110101
00011001101110010100111100010
