01111111111111100000000000000
10111111000000011111110000000
11011100110000011000001111100
11101010001100000110001110011
11110001000011000001101001111
11100000101010110101010101010
11010000100101110010110010110
11001000010110101011010100101
10100110011001001010010001111
10100001100101101110101101000
10010100100111001101011010001
10010011011010000100110111100
10001101001100111000100011011
10001010111000110101101000101
10000111010011010011001110010
01100110000011101100100110101
01100001111010010010111010001
01010100011101010011100101001
01010011110000101101000011011
01001101001001100110011011100
01001010010111011100011001010
01000111101100001001101100110
00111000011001101001110110010
00110101010100110100011000111
00110010001110111011001001100
00101100110110000111100010110
00101011100101010001010111001
00011110100010100010111101001
00011001101011011110000100110
