01111111111111100000000000000
10111111000000011111110000000
11011100110000011000001111100
11101010001100000110001110011
11110001000011000001101001111
11100000111000100101110101010
11010000001110111001010100101
11001000100011110110010011001
10100101000101111000100110011
10100100001111001011011011000
10010110010001101110000001111
10010010110011010010111100010
10001011010100100011100111100
10001001111100001100111000101
10000111101010010101001010110
01100011100100101010011001110
01100010111001010011100010101
01010101001001100010111110100
01010001011110011100100011010
01001110010010101000111010011
01001100100111001111000100110
01000111010101010101001101001
00111000010101110101010010110
00110110100110000100110011101
00110001110010101111001100001
00101101011010010010010100111
00101010001011111100101101000
00011100101100110011101001001
00011011101001001001010111010
