01111111111111100000000000000
10111111000000011111110000000
11011110100000010000001111110
11100001111000001110001110001
11100001010110010001101001101
11100000101001101001110101100
11100000000111111110000011010
11011000001101000101010010111
10110100010010100010110010111
10011000100111000110111101000
10010101000101111000101100011
10001011011000100011100111010
10001010110001111001011010001
10000111011010001100011001110
10000110101110010111000100101
01101010001010100100111100011
01010110001011000011101011001
01010011010001110010010101101
01010010110100101101101000110
01001101000110101010011110100
01001100111100011010010001011
01000101110011010101100110010
00111000011011011011000100110
00110100011100110101011011000
00110011100110001001010101011
00101110010101001100100110101
00101101100001100111001001011
00100011101101010010111010100
00011001101010111100100011100
