0111111111111000000000000000000000000000
1011000000000111111111000000000000000000
1101000000000000000000111111111000000000
1110000000000000000000000000000111111111
1000011000000111000000111000000111000000
1000101000000000111000000111000000111000
1000110000000000000111000000111000000111
1000000011000100100100100100100100100100
1000000100100100010010010010010010010010
1000000100010010010001010100001001001001
1000000010001010001100001001001100001010
1000000001001001001010001010100010100001
1000000000110001100001100001010001010100
0100100110000000001001001011000001000101
0100100001100000110000101000010000100011
0100100000011000010100010110000100000110
0100010100001010000010000010110101001000
0100010011000011000000000001101010010100
0100010000110100000100000100011011100000
0100001100100001001000110000100000011001
0100001010010000100001011000001100110000
0100001001001100000010100101000010001010
0010100100001010000101000010001010110000
0010100011000001000110000001010001101000
0010100000110110000010000100100000011100
0010010101000001001001001000010100010010
0010010010010101100000100000001000001011
0010010000101100010001010000100100100001
0010001100010000110100001001000011000010
0010001010001010101000010100000010000101
0010001001100000011010100010000101000100
0001100100100001100010000101001010000001
0001100010010000011001100000110100001000
0001100001001100101000010000101000010010
0001010100010010001010110001000000000110
0001010010001000010110101100000001000001
0001010001100000100101011010000010000100
0001001100001101010000001000011000101000
0001001010100011000001000110100001100000
0001001001010110000100000011010100010000
