0111111111111000000000000000000000000000
1011000000000111111111000000000000000000
1101000000000000000000111111111000000000
1110000000000000000000000000000111111111
1000011000000111000000111000000111000000
1000101000000000111000000111000000111000
1000110000000000000111000000111000000111
1000000011000111000000000111000000000111
1000000101000000111000000000111111000000
1000000110000000000111111000000000111000
1000000000011111000000000000111000111000
1000000000101000111000111000000000000111
1000000000110000000111000111000111000000
0100100100100000100100100100100100100100
0100100100100000010010010010010010010010
0100100100100000001001001001001001001001
0100010010010100000100010010001010001001
0100010010010010000001001100100001100010
0100010010010001000010100001010100010100
0100001001001100100000001001010001010010
0100001001001010001000010100001100100001
0100001001001001010000100010100010001100
0010100001010100001001000100001010010010
0010100001010010100010000001100001001100
0010100001010001010100000010010100100001
0010010100001100010010100000010001001001
0010010100001010100001001000001100010100
0010010100001001001100010000100010100010
0010001010100100010001010001000100010001
0010001010100010001100001100000010001100
0010001010100001100010100010000001100010
0001100010001100001010001010100000001010
0001100010001010100001100001010000100001
0001100010001001010100010100001000010100
0001010001100100010010001001001010000100
0001010001100010001100100010100001000001
0001010001100001100001010100010100000010
0001001100010100001001010010010001100000
0001001100010010010100100001001100001000
0001001100010001100010001100100010010000
