0111111111111000000000000000000000000000
1011000000000111111111000000000000000000
1101000000000000000000111111111000000000
1110000000000000000000000000000111111111
1000011000000111000000111000000111000000
1000101000000000111000000111000000111000
1000110000000000000111000000111000000111
1000000011000100100100100100100100100100
1000000100100100010010010010010010010010
1000000100010010010001010100001001001001
1000000010001010001100001001001100001010
1000000001001001001010001010100010100001
1000000000110001100001100001010001010100
0100100110000001001000000001101001010001
0100100001100000100010100101000010000011
0100100000011100000100010100010000101010
0100010100001010000010000010110101001000
0100010011000000000101001001010011100000
0100010000110100000001000110001110000100
0100001100100001010000101010000000001101
0100001010010010100000011000001000110100
0100001001001000011000110000100100010010
0010100100001010000101000010001010110000
0010100011000001000011000011000100001100
0010100000110000010110000100100101010000
0010010101000011001000001000010000010110
0010010010010000101100110000000001000011
0010010000101110010000010000100000100101
0010001100010100100001001001000010001010
0010001010001001110000000100001110000001
0010001001100100001010100000010001101000
0001100100100000101001011000010000100001
0001100010010010011000100000110000001100
0001100001001100110000001010001000000110
0001010100010001010010100001001100000010
0001010010001100000011101100000000001001
0001010001100001100100010000101010010000
0001001100001000001110010101000011000000
0001001010100011000001000110100001100000
0001001001010110000100000011010100010000
