0111111111111000000000000000000000000000
1011000000000111111111000000000000000000
1101000000000000000000111111111000000000
1110000000000000000000000000000111111111
1000011000000111000000111000000111000000
1000101000000000111000000111000000111000
1000110000000000000111000000111000000111
1000000011000100100100100100100100100100
1000000100100100010010010010010010010010
1000000100010010010001010100001001001001
1000000010001010001100001001001100001010
1000000001001001001010001010100010100001
1000000000110001100001100001010001010100
0100100110000000001001001011000001000101
0100100001100000100010100101000010000011
0100100000011000010100010110000100000110
0100010100001010000010000010110101001000
0100010011000001000001000001101110010000
0100010000110100000100000100011011100000
0100001100100001001000110000100000011001
0100001010010010100000011000001000110100
0100001001001100010000101000010000101010
0010100100001010000101000010001010110000
0010100011000001000110000001010001101000
0010100000110100000011000100100100011000
0010010101000011001000001000010000010110
0010010010010101100000100000001000001011
0010010000101110010000010000100000100101
0010001100010000110100001001000011000010
0010001010001000101001010100000110000001
0010001001100000011010100010000101000100
0001100100100001110000001000011000100001
0001100010010010011000100000110000001100
0001100001001100101000010000101000010010
0001010100010000001011110001000100000010
0001010010001000010110101100000001000001
0001010001100000100101011010000010000100
0001001100001101000010000101001010001000
0001001010100011000001000110100001100000
0001001001010110000100000011010100010000
