0111111111111000000000000000000000000000
1011000000000111111111000000000000000000
1101000000000000000000111111111000000000
1110000000000000000000000000000111111111
1000011000000111000000111000000111000000
1000101000000000111000000111000000111000
1000110000000000000111000000111000000111
1000000011000111000000000111000000000111
1000000101000000111000000000111111000000
1000000110000000000111111000000000111000
1000000000011111000000000000111000111000
1000000000101000111000111000000000000111
1000000000110000000111000111000111000000
0100100100100000100100100100100100100100
0100100100100000010010010010010010010010
0100100100100000001001001001001001001001
0100010010010100000010100010001001010001
0100010010010010000001010001100100001100
0100010010010001000100001100010010100010
0100001001001100001000010010100001001010
0100001001001010100000001001010100100001
0100001001001001010000100100001010010100
0010100001010100100001000001010010001010
0010100001010010010100000100001001100001
0010100001010001001010000010100100010100
0010010100001100001001010000010100010001
0010010100001010100100001000001010001100
0010010100001001010010100000100001100010
0010001010100100010100001001000010010001
0010001010100010001010100100000001001100
0010001010100001100001010010000100100010
0001100010001100010010001100001000001010
0001100010001010001001100010100000100001
0001100010001001100100010001010000010100
0001010001100100001010010001001010000100
0001010001100010100001001100100001000010
0001010001100001010100100010010100000001
0001001100010100010001001010010001100000
0001001100010010001100100001001100010000
0001001100010001100010010100100010001000
