01111111111111100000000000000
10111111000000011111110000000
11011110100000010000001111110
11100001111000001110001110001
11100001010110010001101001101
11100000100111001101010101010
11100000011001111000110010110
11011000000101100110100011011
10110100001100100011011000111
10011010001011001100011001101
10010010110010110101100100011
10001101100010101000110110101
10001100011101010111000110100
10000111010010101011001011010
10000011101101010010111101000
01101010001010100011010111001
01010110010101000001111110001
01010101011010000010110101110
01010001100011110101011010100
01001100101011011010101000011
01001011001100101101001100110
01000110110100111110000001101
00111000110001101011100101100
00110100001110111100101011000
00110011000111011010000100111
00101101010001110100011100011
00101010110110000110111010010
00100111101001000101100011101
00011001111100011001010011010
