01111111111111100000000000000
10111111000000011111110000000
11011110100000010000001111110
11100001111000001110001110001
11100001010110010001101001101
11100000100101101101011001010
11100000001011111010100100110
11011000001101000011010010111
10110100010010100100110010111
10011000100110101011100111000
10010011000011111000011011001
10001101010001110110000101011
10001010111001000110111001100
10000111001110000101101110010
10000110111100011001010100101
01101010001100100100110111001
01010110011000100011101001011
01010100100111010010111100001
01010011010110001100010101110
01001101010001101000111110100
01001010110011011101000010011
01000101101010110111000011100
00111100001011001101000101101
00110010010101110111001010100
00110001111001010001110101010
00101100011110011010011010010
00101011100010100011011100011
00100111100101001010100011101
00011001101100111100101000110
