01111111111111100000000000000
10111111000000011111110000000
11011100110000011000001111100
11101010001100000110001110011
11110001000011000001101001111
11100000101100110101010001110
11010000001011110010110111000
11001000110010101011010100011
10100101010001100110011011001
10100001101101011001100110001
10010110010100100001111100101
10010100011011011110000000111
10001011000101111000011010110
10001010110110000111100011100
10000111101010001100101101010
01100110010110001000110011011
01100001010110110110101100100
01010100100101101011101010010
01010011100101001100010101101
01001101011001000100110110110
01001010011001111101001001001
01000111101010010011001010101
00111000101010101100110010101
00110011011000101011000011110
00110010110011010101011100010
00101110100001110010100100111
00101100001111001011011101000
00011101000110110101000111001
00011001111100010010111001010
