01111111111111100000000000000
10111111000000011111110000000
11011110100000010000001111110
11100001111000001110001110001
11100001010110010001101001101
11100000110001101001110101010
11100000000111111110000010110
11011000001101000101010100111
10110100001010100010111000111
10011100000110101100100111001
10010001100011110101011011000
10001011010001100010111110100
10001010111001010110100001011
10000111001110001011001101010
10000110111100011001010010101
01101010001010100011010111001
01010110010001100111001001101
01010011011010001000110011110
01010010100111011000111100001
01001101001001111000101010011
01001100110110000111011010010
01000101101100110110100101100
00111000101101001011100011100
00110101010101010010010011011
00110010011100110101101100010
00101100011011011100011100100
00101011100100101100011001011
00100111100011000101100110101
00011001110010111011000100110
