01111111111111100000000000000
10111111000000011111110000000
11011100110000011000001111100
11101010001100000110001110011
11110001000011000001101001111
11100000101100110001110101010
11010000001011111100010011001
11001000110010100111010010110
10100101010001100110011101001
10100001101101011011000010101
10010110010100100001111010101
10010100011011010110100100110
10001011000101111000011100110
10001010110110001101100101001
10000111101010001010101011010
01100110010110001010010001111
01100010010011110011101110000
01010011100101000010110111100
01010001110100111100101000011
01001101011001001000110110011
01001100001101101111001001100
01000111101010010101001100101
00111000101010101010110100101
00110100100111001101011010010
00110011011000101101000101110
00101110100001110100100010111
00101001011110010100111011000
00011101000110110011000111001
00011010111001010011011001010
