01111111111111100000000000000
10111111000000011111110000000
11011100110000011000001111100
11101010001100000110001110011
11110001000011000001101001111
11100000101010110101010101010
11010000100101110010110010110
11001000010110101011010100101
10100110001001101010011001101
10100001001111011010100111000
10010100110011001111000010011
10010011010001100101011111000
10001101011000110000111010011
10001010111100010101100001101
10000111100110001100101100110
01100110010011000100110110101
01100001111000100111101010100
01010100001101111001101100001
01010011111000001000110101011
01001101001101001100010011110
01001010010011111110001001010
01000111100110010011001011001
00111000100110101100110011001
00110101010100110110000001111
00110010011110011001011000110
00101100110101000011111100010
00101011100001111001000110011
00011110001010100011100111100
00011001101011010110011100100
