01111111111111100000000000000
10111111000000011111110000000
11011100110000011000001111100
11101010001100000110001110011
11110001000011000001101001111
11100000101010110101010101010
11010000100101110010110011001
11001000010110101011010010110
10100110011000101010100001111
10100001101011001010111110000
10010100110101001101011000011
10010011001001101101000111100
10001101010001110100100110011
10001010011110010100111001100
10000111100110010011001100101
01100110000011101100011010101
01100001111100010101100010101
01010100001111011010100100110
01010011110000100100111100110
01001101001100101000111101001
01001010110011001111000101001
01000111011001010011001011010
00111000011001110011010100101
00110100010110100111101011000
00110011010110011000010101011
00101110100101000001110110110
00101001100101111110001001010
00011101101010000110010011101
00011010101010111001101010010
