0111111111111000000000000
1011111000000111111000000
1101100110000110000111100
1110100001100001100110011
1111000000011000011001111
1100000111010101110001010
1100000110101011101000101
1010011001010011000101101
1010011000101100100011110
1001010100011100101110001
1001001010011011010110010
1000110101100010011010110
1000101011100100011101001
0110010011001001011110100
0110001100110000111111000
0101011100100100010100111
0101011011000010001011011
0100110000111111000011001
0100101001011110100100110
0011000101101111001001010
0011000011110110110000101
0010110110001010110100011
0010101110010101001010011
0001110010110001101101100
0001101101001001110011100

