01111111111111100000000000000
10111111000000011111110000000
11011110100000010000001111110
11100001111000001110001110001
11100001010110010001101001101
11100000110001101001110101010
11100000000111111110000010110
11011000001101000101010011011
10110100001010100010110011101
10011100000111001010101100011
10010001100101110011011100100
10001011011000100110100101110
10001010110001110100111010001
10000111011010001001011010110
10000110101110011101000101001
01101010001010100011011100011
01010110010001100111001001101
01010011000110101000111111000
01010010111100011000110000111
01001101001001111000100110101
01001100110110000111010110100
01000101101011010110101001010
00111000011011011100010101100
00110100011100110101101010010
00110011100011000101100100111
00101101100100101100011000111
00101010101101001011101011000
00100111010101010010010111001
00011001110010111011000011010
