01111111111111100000000000000
10111111000000011111110000000
11011110100000010000001111110
11100001111000001110001110001
11100001010110001001101001110
11100000100111010110010001101
11100000011001110001110111000
11011000001100100101010100111
10110100000101101000111010011
10011010001011001100100011101
10010011010010110010011001011
10001101100010100011100111001
10001100011101010111001010010
10000110110010101101011100100
10000011101101011010100100110
01100110001010101011000010111
01011000110001110011101000101
01010101010011000010110110110
01010100001110111100101101000
01001011000111011000011110001
01001010110100101110010011010
01000111101001000101101001011
00111000101011001011010101010
00110011000101100111001011100
00110010110110010101100100011
00101110011100000010111100101
00101101010001111100000101011
00101001101010110100111010100
00010101111100011001010011100
