01111111111111100000000000000
10111111000000011111110000000
11011100110000011000001111100
11101010001100000110001110011
11110000100011000101100001111
11100001011000110010010001111
11010001000110101001011101010
11000110001001101001101010101
10101000010011101011010110001
10100100101101010001111100010
10010101010110000100110110101
10010010011011011010100011010
10001010101100110101010011100
10001001110100101110101000110
10000111100011010110001101001
01100100010110100111101011000
01100011100101000010110111100
01011000001011110010111100100
01010100100101111100010010011
01001011110010010000111010011
01001001011101011101000101001
01000110111010001111000100110
00110011010001110101000110110
00110010111000101100111001001
00110001101110011011001000101
00101110000110111000100100111
00101101001011001100011011010
00011110010101000011011001101
00011101101000100011100111010
