01111111111111100000000000000
10111111000000011111110000000
11011100110000011000001111100
11101010001100000110001110011
11110000100011000101100001111
11100001001100100001111101100
11010000011010110011010011010
11000100101101011010010000111
10101001010001101001011010011
10100010100110111010101001001
10010111000010101000100110111
10010101010011000110011101001
10001010011101001100110011100
10001001100110110111000110100
10000110111001010101101100010
01100011010001101110000101110
01100001111010010100110110001
01011000000111111000111100010
01010011010101010001101010101
01001110100001100010110111001
01001100011010101111001000101
01000111100110001101001011010
00110100110100100110110010110
00110100001101111101000011001
00110010101011001011011100100
00101110010110010001010100111
00101101001011010010101011010
00011011101000110100011001101
00011001111100001011100101010
