01111111111111100000000000000
10111111000000011111110000000
11011100110000011000001111100
11101010001100000110001110011
11110000101010000001110001111
11100001000101110101001001110
11010000000111101010111101000
11000100110101001100110010011
10101001010001100011100111001
10100001101010111100011100001
10011000010011110110010010110
10010111000010101001000110111
10001010011101011001101000101
10000111101010000110101011100
10000110111100010011010101010
01100100011010101011101010010
01100011010110010010010011101
01010101011001000011011100101
01010010101001111101000011001
01001100100110110110100100101
01001011100011010001011110010
01001011011000101100100101110
00110110010011010100100101011
00110010110100100101111010100
00110001101101011010100100110
00101110100001101010011000111
00101100001111001101010111000
00011101001100110000111011001
00011001110110001111001001010
