0111111111111000000000000
1011111000000111111000000
1101111000000000000111111
1110000111000111000111000
1110000100110100110100110
1110000010101010101010101
1110000001011001011001011
1001100011100100101001011
1001010101001001110010110
1001001110010010011100101
1000110100011101001110001
1000101001101010110111000
1000011010110111000001110
0101100100101011010001101
0101010001011100101101100
0101001010101100011110010
0100110110010010011011010
0100101011010101100010101
0100011101100011100100011
0011100001110011001010110
0011010010110001110101001
0011001100011110100010011
0010110011001110010100011
0010101110001001101101100
0010011101100100011011100
