01111111111111100000000000000
10111111000000011111110000000
11011100110000011000001111100
11101010001100000110001110011
11110001000011000001101001111
11100000111000110101010001011
11010000001110110010110101100
11001000100011101011010110010
10100101010100101010100100111
10100100100111000110111011000
10010110000101101101000011110
10010010111001001001111100001
10001011010001110100100111001
10001001011110011100011000110
10000111101010010011001010101
01100110000011101100011100101
01100001101101010101100110100
01010100011011011010100010011
01010011110000100100111010110
01001101001100101000111011001
01001010110110001111000001101
01000111010101010011001101010
00111000010101110011010010101
00110011100110011000010011011
00110001011010101111001101000
00101110011010000001110110110
00101010101001111010101001010
00011101101001000110010101101
00011100100110110101101100010
