01111111111111100000000000000
10111111000000011111110000000
11011100110000011000001111100
11101010001100000110001110011
11110001000011000001101001111
11100000101010110101010101010
11010000100101110010110010110
11001000010110101011010100101
10100110010001101001011010011
10100001101101001111000011100
10010100010111010110011001001
10010011011000110001100111001
10001101001001100100111110100
10001010111010011100100000111
10000111100110001010101101010
01100110001101001000110101101
01100001110001110110101100001
01010100011011001011100110010
01010011011000101100011001110
01001101110100000100110011011
01001010000111111101001011000
01000111101010010011001010101
00111000101010101010110011001
00110101000110111100000010111
00110010110110000101111100100
00101100011100110011101000110
00101011010011010010010111010
00011110100001100111000101101
00011001101101011001011100010
