01111111111000000000000000
10111000000111111000000000
11010100000100000111110000
11100010000010000100001111
11000001100001100011001100
10100001010001010000111010
10010001001000011010100101
10001110000000101001010011
10001000011010010101010100
10000100101111000010000011
10000010110100101100101000
01100000011000101010010110
01010000110000110001100011
01001100010000011110001001
01001001001110000000111001
01000110100011001000110100
01000011001101010101000010
00110000101001001001011001
00101010010101000001100101
00101001100010001110100010
00100110001010110011001000
00100101100100110100000101
00011100001001100100100110
00011010100100010010011010
00010101010110001001001100
00010011010011100110010000
