0111111111111000000000000
1011111000000111111000000
1101110100000100000111110
1110001011000011000111001
1110000100110010110100101
1110000010101001101010110
1101000001101100011100011
1010100010011110001001011
1001010100110001011011001
1001001000111110100011100
1000111011000000110001111
1000100111001101110110000
1000011101010011001100110
0110001101010000111011010
0101100101001001101001101
0101010010011010110101010
0100110001110111000010011
0100101010110101001101100
0100011110001110010010101
0011101000011001010010111
0011010011010100101100101
0011000111100111010000110
0010110001101010011111000
0010011100101101100101001
0001101110100010101110010
