01111111111111100000000000000
10111111000000011111110000000
11011110100000010000001111110
11100001111000001110001110001
11100001010110010001101001101
11100000100111001101010101010
11100000011001111000110010110
11011000001100100011010100111
10110100000101100110100011101
10011010001011001100011001101
10010011010010100101100111010
10001101100010101000111010011
10001100011101010111001010010
10000110110010111011000100101
10000011101101010010111101000
01101010000011100110101100011
01010110010101000001111110001
01010100111010010010110001011
01010001100011110101011010100
01001101001011001010100111100
01001010101100111101000011001
01000111010100101110001001110
00111000010110111010010111000
00110101001001111001001001011
00110010101110001011101000110
00101100111000100101111100100
00101011110001000011010011011
00100111001110010100010110101
00011001110101011100100100110
