0111111111111000000000000000000000000000
1011000000000111111111000000000000000000
1101000000000000000000111111111000000000
1110000000000000000000000000000111111111
1000011000000111000000111000000111000000
1000101000000000111000000111000000111000
1000110000000000000111000000111000000111
1000000011000100100100100100100100100100
1000000101000010010010010010010010010010
1000000110000001001001001001001001001001
1000000000011100010001010001100001100010
1000000000101010001100001100010100010001
1000000000110001100010100010001010001100
0100100100100010001000000101001010000110
0100100010010100000001100010100000011001
0100100001001000100100010011000100000011
0100010100001001000001000100110011010000
0100010010100000000110001001100110001000
0100010001010100000010000010011101100000
0100001100010001010000101000001000110010
0100001010001000011000110100000001000101
0100001001100010100000011000010000101100
0010100100001010000110000001010001101000
0010100010100001000011000100001100110000
0010100001010000010101000110000011000100
0010010100010100100010011000000000001011
0010010010001011001000001000100000100110
0010010001100101010000100000010000010101
0010001100100010110000000010001101000001
0010001010010000101001100001000110000010
0010001001001100001100010000100010011000
0001100100010001011000010000110000001100
0001100010001100110000001000011000100001
0001100001100000101010101000100000010010
0001010100100000001101110010000010000001
0001010010010010100100010001001001000100
0001010001001010010001100100001100000010
0001001100001100000011001011000100010000
0001001010100101000100000110010001001000
0001001001010011000010000101100010100000
