0111111111111000000000000
1011111000000111111000000
1101111000000000000111111
1110000111000111000111000
1110000100110100110100110
1110000010101010101010101
1110000001011001011001011
1001100011100100101001011
1001010101001001110100101
1001001110010010011010110
1000110100011111000010011
1000101001101010110111000
1000011010110101001101100
0101100100101001011011100
0101010001110001101110010
0101001010101110010100011
0100110110010010011101001
0100101011010101100010101
0100011101001110100001110
0011100010011011100001110
0011010001110110010001101
0011001100011100101110001
0010110011001100011110010
0010101101100011001100101
0010011110100001110011010
