0111111111111000000000000
1011111000000111111000000
1101111000000000000111111
1110000111000111000111000
1110000100110100110100110
1110000010101010101010101
1110000001011001011001011
1001100011100101001000111
1001010101001010110001110
1001001110010000111110001
1000110100011110001101001
1000101001101011100110010
1000011010110101010011100
0101100100101001110011001
0101010010110001101101010
0101001100011110001010110
0100110011010110010010011
0100101011001100101101100
0100011101100011010100101
0011100001110010011011100
0011010001011101100100101
0011001010101110010100011
0010110110001001011110010
0010101110010011100001101
0010011101100100101011010
