0111111111111000000000000
1011111000000111111000000
1101111000000000000111111
1110000111000111000111000
1110000100110100110100110
1110000010101010101010101
1110000001011001011001011
1001100011100101001000111
1001010101001000111101100
1001001110010010110010011
1000110100011011001110010
1000101001101110010011100
1000011010110101100101001
0101100100011011100001101
0101010001110100101011010
0101001100101100011110001
0100110011001110010100011
0100101011010001101110100
0100011110100011010001110
0011100010101001110011010
0011010001110011010100101
0011001010011110001100110
0010110110010100011011001
0010101101100010101101001
0010011101001101100010110
