01111111111111100000000000000
10111111000000011111110000000
11011110100000010000001111110
11100001111000001110001110001
11100001010110000001111101100
11100000100101111101000001101
11100000011001110010110011010
11011000000111001010100010111
10110100001010100011011000111
10011010001100101001010111001
10010010110011010100110100101
10001101010010110110000101011
10001001101101010101011010010
10000111001010101100101011100
10000110110101001011101100010
01100110001110000101100110011
01010101010001100101010110110
01010100001111011010011101000
01010011100100100100111001011
01001100110010111000111010001
01001011001001110011001100101
01001010111010001111000001110
00111000100011100111100111000
00111000011100111100101000110
00110011010011011001001001011
00101110010101000110011010101
00101101101001001000110101011
00100011100110111010010110100
00010101111100010011100011100
