0111111111111000000000000000000000000000
1011000000000111111111000000000000000000
1101000000000000000000111111111000000000
1110000000000000000000000000000111111111
1000011000000111000000111000000111000000
1000101000000000111000000111000000111000
1000110000000000000111000000111000000111
1000000011000100100100100100100100100100
1000000100100100010010010010010010010010
1000000100010010100010010001001001001001
1000000010001010001001001001100100010001
1000000001001001010001001100010010001100
1000000000110001001100100010001001100010
0100100110000000001001001000011001101000
0100100001100000010100100000101010011000
0100100000011000100010010000110100110000
0100010101000001000001101010000000010011
0100010010010010000100011001000000100110
0100010000101100000010110100000000001101
0100001100001010010000000110010101000001
0100001011000001001000000101001110000010
0100001000110100100000000011100011000100
0010100100001010101000000001010010000110
0010100011000001011000000010100001000101
0010100000110100110000000100001100000011
0010010100010000001110001000100011010000
0010010010001000100101010000001110001000
0010010001100000010011100000010101100000
0010001100100011000001010100000000101010
0010001010010101000100100001000000011001
0010001001001110000010001010000000110100
0001100100100001000110001011000000001100
0001100010010010000011100110000000100001
0001100001001100000101010101000000010010
0001010100001101010000000001101010000001
0001010010100011100000000100011001000100
0001010001010110001000000010110100000010
0001001100010000011001110000001100010000
0001001010001000110010101000100001001000
0001001001100000101100011000010010100000
