0111111111111000000000000
1011111000000111111000000
1101111000000000000111111
1110000111000111000111000
1110000100110100110100110
1110000010101010101010101
1110000001011001011001011
1001100011100100101001011
1001010101001001110010110
1001001110010010011100101
1000110100011111000001101
1000101001101010110111000
1000011010110101001110010
0101100100101001011110001
0101010001110001101101100
0101001010101110010001110
0100110110010010011011010
0100101011010101100010101
0100011101001110100100011
0011100001011110001010110
0011010010011100110101001
0011001100110011100010011
0010110011100011010100011
0010101110001001101101100
0010011101100100011011100
