0111111111111000000000000000
1011111100000111110000000000
1101111100000000001111100000
1110110011000110001100010000
1111001010100101001010001000
1111000101010010100101000100
1110100100101001010010100010
1110011000011000110001100001
1001100001111100001000011001
1001010010111010000100010110
1000101011011001000010001110
1000010111101000100001001101
1000001111110000010000110011
0101100010000011111000011001
0101010001000101110100010110
0100101000100110110010001110
0100010100010111010001001101
0100001100001111100000110011
0011100010000100000111111001
0011010001000010001011110110
0010101000100001001101101110
0010010100010000101110101101
0010001100001000011111010011
0001000011001110011100100011
0000100010110101101011000101
0000010001110011100111001010
0000001001101011010110110100
0000000110011100111001111000
