01111111111111100000000000000
10111111000000011111110000000
11011100110000011000001111100
11101010001100000110001110011
11110001000011000001101001111
11100000111000110101010001011
11010000100110110010110100110
11001000010011101110010010101
10100110001010101001100110101
10100101001101001010010101110
10010100110101000011111010001
10010010011011011100100011010
10001011100100101001011011010
10001001011100110101101100100
10000111100011010110001101001
01100110000101100100111011100
01100001110110000111100111000
01010101000101111001000110011
01010011011000101000111101001
01001100101011001100111100010
01001010101101011011000001101
01000111011010010011001010110
00111000001011110011010111000
00110010110001101111001000110
00110001101110011100011000101
00101100010110111010101000011
00101011110001010000110110011
00011110010110000101010101101
00011101101000100110100011110
