01111111111111100000000000000
10111111000000011111110000000
11011110100000010000001111110
11100001111000001110001110001
11100001010110000001111101100
11100000100101111101000001101
11100000011001110010110011010
11011000000011101001101010011
10110100001110000100110010111
10011010001101001010011001101
10010010110010101101010101010
10001100110011010011010110001
10001001101100111010100100110
10000111010100100111001010110
10000111001011010100101101001
01100110000110101010011100011
01010101011010010011000001111
01010100101001100011111100100
01010010010111011100100110100
01001101001101001100010111010
01001011100010100110010011101
01001010111100010101101000011
00111001010001110100010100111
00111000001110110111001011000
00110011100101000011100101011
00101110011000101001100110101
00101100110011001110101001010
00100011101011011001011010100
00010101110100111000111011000
