01111111111111100000000000000
10111111000000011111110000000
11011110100000010000001111110
11100001111000001110001110001
11100001010110011001000001111
11100000100101101001111101000
11100000011001110100110010110
11011000001011000010111001101
10110100000110100110100100111
10011010001101001001100110011
10010011010010100101011101010
10001100110011001110010011010
10001001101100110011010110100
10000111010100110010101011001
10000110101011011101001000101
01101010000011100111000111001
01011100010100100101011010101
01010010101100111010010001011
01010001100111010101101010010
01001100011010111010101100010
01000111110001000011010100111
01000111001110001100100111100
00110101001001101011000011110
00110100111010010001110011001
00110010010111011010011100100
00101101001101010100011100011
00101011100010101000111010011
00101010111100000111101001100
00011001110001111100100101100
