01111111111000000000000000
10111000000111111000000000
11010100000100000111110000
11100010000010000100001111
11000001100001100011001100
10100001010001010010100011
10010001001000011001011010
10001110000000101000110101
10001000011100100101000011
10000100101110010000101100
10000010110011001110010000
01100000110000011001010101
01010000011000101010100110
01001100001000011110001001
01001001100010010100110010
01000110010101100000011010
01000011001111000001100001
00110000101001100000111001
00101100001011000001010110
00101010100100001010101010
00100101010010101101001000
00100011001100110110000100
00011010010001010101100100
00011001010110000010011001
00010110100010110011000001
00010101100101001100000110
