0111111111111000000000000000000000000000
1011000000000111111111000000000000000000
1100100000000100000000111111110000000000
1100010000000010000000110000001111110000
1010001000000001100000001000001110001110
1001001000000000011000000111000001001101
1000110000000000000111000000110000110011
1000000011000110000100100100001000001011
1000000100100001010010010100100100100100
1000000100010000101001010010011000010100
1000000010001100100010001010000011010001
1000000001001010010001001001100101000010
1000000000110001001100100001010010101000
0110000100100000000001000001000001111110
0101000100010000000010001000110010001101
0100100010001000010001010000011001001001
0100100001100000001100100000100101000101
0100010010010001000100101010000000010110
0100010001001000100010011100000000101010
0100001100001000110000000101101010010000
0100001010100010001000000011011100000010
0100001001010101000000000110000110100001
0011000100001000110000000010010100100011
0011000011000001001000000001100010010011
0010100000110010011000000100001000110001
0010010110000000001101001000010111000000
0010010001100000010011100000101010001000
0010010000011100000110010000001100000101
0010001010010010100100010010000001101000
0010001001001011000010100100000001010100
0001100101000001000110001011000001100000
0001100010010000100011100101000000011000
0001100000101010000101010110000000000110
0001010000110101100000000100111000000010
0001001010001100001001101000101000000100
0001001001100100010100011000010100001000
0000110100001111001000000010100100010000
0000110011000110110000000001010010100000
0000101100010100011010110000000011000000
0000011100100011100001111001000000000000
