01111111111111100000000000000
10111111000000011111110000000
11011110100000010000001111110
11100001111000001110001110001
11100001010110011001000001111
11100000100101101001111101000
11100000011001110100110010110
11011000000111000010111010101
10110100001010100011100100111
10011010001100101100010101101
10010010110011001011010011010
10001101010010100101011110010
10001001101101010110100101010
10000111001010111000101011001
10000110110101010111001000101
01101010000011100111000111001
01011100011001000101101001011
01010010010110111010101100010
01010001101010110101011001100
01001100101100111010010010011
01000111100011001100010100111
01000111011100000011100111100
00110101000101101110000011110
00110100110110010100110011001
00110011001101010001011100011
00101100011011011010011100100
00101011110000100010111001011
00101010101110001101101010100
00011001110001111001100110100
